1781187925880 1.0 1
1781187925892 1.0 2
1781187925902 1.0 3
1781187925913 1.0 4
1781187925925 1.0 5
1781187925935 1.0 6
1781187925946 1.0 7
1781187925958 1.0 8
1781187925969 1.0 9
1781187925980 1.0 10
1781187925994 1.0 11
1781187926005 1.0 12
1781187926016 1.0 13
1781187926028 1.0 14
1781187926042 1.0 15
1781187926052 1.0 16
1781187926065 1.0 17
1781187926077 1.0 18
1781187926088 1.0 19
1781187926099 1.0 20
1781187926115 1.0 21
1781187926127 1.0 22
1781187926137 1.0 23
1781187926149 1.0 24
1781187926160 1.0 25
1781187926171 1.0 26
1781187926182 1.0 27
1781187926193 1.0 28
1781187926203 1.0 29
1781187926215 1.0 30
1781187926227 1.0 31
1781187926238 1.0 32
1781187926249 1.0 33
1781187926263 1.0 34
1781187926276 1.0 35
1781187926287 1.0 36
1781187926299 1.0 37
1781187926313 1.0 38
1781187926326 1.0 39
1781187926338 1.0 40
1781187926349 1.0 41
1781187926361 1.0 42
1781187926372 1.0 43
1781187926383 1.0 44
1781187926397 1.0 45
1781187926410 1.0 46
1781187926420 1.0 47
1781187926431 1.0 48
1781187926443 1.0 49
1781187926456 1.0 50
1781187926466 1.0 51
1781187926478 1.0 52
1781187926489 1.0 53
1781187926501 1.0 54
1781187926513 1.0 55
1781187926526 1.0 56
1781187926536 1.0 57
1781187926550 1.0 58
1781187926561 1.0 59
1781187926572 1.0 60
1781187926584 1.0 61
1781187926596 1.0 62
1781187926608 1.0 63
1781187926621 1.0 64
1781187926633 1.0 65
1781187926645 1.0 66
1781187926657 1.0 67
1781187926670 1.0 68
1781187926683 1.0 69
1781187926701 1.0 70
1781187926715 1.0 71
1781187926728 1.0 72
1781187926739 1.0 73
1781187926750 1.0 74
1781187926765 1.0 75
1781187926779 1.0 76
1781187926791 1.0 77
1781187926802 1.0 78
1781187926813 1.0 79
1781187926826 1.0 80
1781187926839 1.0 81
1781187926852 1.0 82
1781187926864 1.0 83
1781187926877 1.0 84
1781187926889 1.0 85
1781187926900 1.0 86
1781187926912 1.0 87
1781187926925 1.0 88
1781187926935 1.0 89
1781187926948 1.0 90
1781187926960 1.0 91
1781187926971 1.0 92
1781187926982 1.0 93
1781187926994 1.0 94
1781187927004 1.0 95
1781187927016 1.0 96
1781187927028 1.0 97
1781187927040 1.0 98
1781187927051 1.0 99
1781187927063 1.0 100
