1781187925878 1.2032380194165777 1
1781187925890 1.256721078854945 2
1781187925900 1.256721078854945 3
1781187925911 1.2675557157738475 4
1781187925923 1.256721078854945 5
1781187925934 1.256721078854945 6
1781187925944 1.2479734018285527 7
1781187925956 1.2675557157738475 8
1781187925967 1.2675557157738475 9
1781187925978 1.256721078854945 10
1781187925991 1.2543974867255674 11
1781187926003 1.2675557157738475 12
1781187926014 1.2675557157738475 13
1781187926025 1.256721078854945 14
1781187926039 1.256721078854945 15
1781187926050 1.256721078854945 16
1781187926062 1.2675557157738475 17
1781187926075 1.256721078854945 18
1781187926086 1.2675557157738475 19
1781187926098 1.2675557157738475 20
1781187926109 1.2675557157738475 21
1781187926125 1.2675557157738475 22
1781187926135 1.2675557157738475 23
1781187926147 1.256721078854945 24
1781187926158 1.2675557157738475 25
1781187926169 1.256721078854945 26
1781187926180 1.256721078854945 27
1781187926191 1.2675557157738475 28
1781187926202 1.2675557157738475 29
1781187926213 1.256721078854945 30
1781187926225 1.256721078854945 31
1781187926236 1.256721078854945 32
1781187926247 1.256721078854945 33
1781187926260 1.2032380194165777 34
1781187926274 1.2675557157738475 35
1781187926285 1.2675557157738475 36
1781187926297 1.256721078854945 37
1781187926310 1.227409204723345 38
1781187926323 1.256721078854945 39
1781187926336 1.2479734018285527 40
1781187926347 1.256721078854945 41
1781187926359 1.2306312024380703 42
1781187926369 1.2675557157738475 43
1781187926381 1.2675557157738475 44
1781187926394 1.2675557157738475 45
1781187926407 1.2675557157738475 46
1781187926418 1.256721078854945 47
1781187926429 1.2675557157738475 48
1781187926441 1.2675557157738475 49
1781187926453 1.2675557157738475 50
1781187926464 1.256721078854945 51
1781187926476 1.256721078854945 52
1781187926487 1.2479734018285527 53
1781187926499 1.2675557157738475 54
1781187926511 1.256721078854945 55
1781187926523 1.256721078854945 56
1781187926534 1.256721078854945 57
1781187926547 1.2675557157738475 58
1781187926559 1.2675557157738475 59
1781187926570 1.2675557157738475 60
1781187926582 1.256721078854945 61
1781187926594 1.2675557157738475 62
1781187926605 1.256721078854945 63
1781187926619 1.262894588073936 64
1781187926631 1.2675557157738475 65
1781187926643 1.2675557157738475 66
1781187926654 1.256721078854945 67
1781187926668 1.2675557157738475 68
1781187926681 1.256721078854945 69
1781187926698 1.3018977056824055 70
1781187926712 1.2675557157738475 71
1781187926725 1.256721078854945 72
1781187926736 1.2675557157738475 73
1781187926748 1.2032380194165777 74
1781187926763 1.2609993252420044 75
1781187926776 1.2032380194165777 76
1781187926789 1.256721078854945 77
1781187926800 1.2675557157738475 78
1781187926811 1.2675557157738475 79
1781187926824 1.2479734018285527 80
1781187926836 1.2609993252420044 81
1781187926850 1.2109736185480549 82
1781187926862 1.256721078854945 83
1781187926875 1.2675557157738475 84
1781187926887 1.262894588073936 85
1781187926898 1.2675557157738475 86
1781187926910 1.256721078854945 87
1781187926923 1.2675557157738475 88
1781187926933 1.256721078854945 89
1781187926946 1.256721078854945 90
1781187926958 1.2675557157738475 91
1781187926969 1.256721078854945 92
1781187926980 1.256721078854945 93
1781187926992 1.256721078854945 94
1781187927002 1.2675557157738475 95
1781187927014 1.2479734018285527 96
1781187927026 1.256721078854945 97
1781187927037 1.256721078854945 98
1781187927049 1.2675557157738475 99
1781187927061 1.2675557157738475 100
