1781187520734 4.095063785079178 1
1781187531936 3.4018569691166 2
1781187541812 3.2289936314722536 3
1781187551516 3.145568253887687 4
1781187561888 3.0938650316493526 5
1781187572936 3.0577598848160665 6
1781187584018 3.0240096058815147 7
1781187595219 3.000711225400305 8
1781187605678 2.986218119882474 9
1781187616782 2.968438194056225 10
1781187626709 2.9565594348178545 11
1781187637291 2.94415536048306 12
1781187648784 2.932425154242546 13
1781187660502 2.9224367566928744 14
1781187672335 2.912984580750678 15
1781187683780 2.9029605586058014 16
1781187695263 2.8948362632921545 17
1781187706730 2.8894610997218235 18
1781187718195 2.881747798555216 19
1781187729705 2.876008260022303 20
1781187741230 2.8687913220399506 21
1781187752626 2.8634095814577334 22
1781187764108 2.8605623716002055 23
1781187775541 2.8520340281686964 24
1781187786692 2.847706814480435 25
1781187798092 2.8446776396150044 26
1781187809492 2.8408631428032165 27
1781187819647 2.8355308262405883 28
1781187829243 2.831734473538247 29
1781187839016 2.827701656681717 30
1781187848607 2.821698958706704 31
1781187860081 2.818767280335639 32
