1781187520707 4.095063785079178 1
1781187531921 3.4018569691166 2
1781187541796 3.2289936314722536 3
1781187551502 3.145568253887687 4
1781187561871 3.0938650316493526 5
1781187572921 3.0577598848160665 6
1781187584002 3.0240096058815147 7
1781187595204 3.000711225400305 8
1781187605660 2.986218119882474 9
1781187616766 2.968438194056225 10
1781187626694 2.9565594348178545 11
1781187637271 2.94415536048306 12
1781187648766 2.932425154242546 13
1781187660485 2.9224367566928744 14
1781187672316 2.912984580750678 15
1781187683767 2.9029605586058014 16
1781187695245 2.8948362632921545 17
1781187706713 2.8894610997218235 18
1781187718177 2.881747798555216 19
1781187729691 2.876008260022303 20
1781187741208 2.8687913220399506 21
1781187752609 2.8634095814577334 22
1781187764092 2.8605623716002055 23
1781187775526 2.8520340281686964 24
1781187786675 2.847706814480435 25
1781187798074 2.8446776396150044 26
1781187809475 2.8408631428032165 27
1781187819631 2.8355308262405883 28
1781187829229 2.831734473538247 29
1781187839001 2.827701656681717 30
1781187848590 2.821698958706704 31
1781187860064 2.818767280335639 32
