1781187874976 1.3844842845201493 50
1781187876591 1.1529255351424217 100
1781187878017 0.13389072954654693 150
1781187879518 -0.5508005779981613 200
1781187880886 -0.15768398702144623 250
1781187882291 0.6420218646526337 300
1781187883516 0.13213376104831695 350
1781187884847 -0.6259924858808518 400
1781187886349 -0.5390549737215042 450
1781187887599 -0.42795014679431914 500
1781187888847 -0.3730305248498917 550
1781187890129 -0.5394640851020813 600
1781187891143 -0.6406976981461048 650
1781187892116 -0.5499887900426984 700
1781187893008 -0.2518885397556005 750
1781187893856 -0.573833709647879 800
1781187894683 -0.4568889460762148 850
1781187895523 0.004037096722706792 900
1781187896395 -0.09756212571421884 950
1781187897260 -0.4163292414963962 1000
1781187898110 -0.5466794341315563 1050
1781187898927 -0.20887496535255196 1100
1781187899727 0.02009740396473717 1150
1781187900557 0.004322026886666208 1200
1781187901367 -0.08447378179559109 1250
1781187902218 -0.3804485372805857 1300
1781187903084 -0.45337749231744967 1350
1781187903934 -0.23368515458569164 1400
1781187904739 -0.14028460841621382 1450
1781187905584 -0.062481717512882826 1500
1781187906440 -0.000635540126277192 1550
1781187907277 0.008534094960086804 1600
1781187908140 -0.05953137380976841 1650
1781187908970 -0.18186255209116098 1700
1781187909816 -0.18563631646957218 1750
1781187910761 -0.15001050308725097 1800
1781187911583 -0.14634092335719287 1850
1781187912400 -0.06134281104412821 1900
1781187913246 0.009011092462067154 1950
1781187914094 0.0048322129582561504 2000
