1781187874968 0.5587504133513314 50
1781187876584 0.6897916796780281 100
1781187878011 0.7120371210366128 150
1781187879511 0.6139775443294946 200
1781187880880 0.6883971531052702 250
1781187882283 0.792233995294536 300
1781187883508 0.7712338019369931 350
1781187884841 0.744314672809705 400
1781187886343 0.81520960925431 450
1781187887592 0.8462090101952058 500
1781187888840 0.8307802952289898 550
1781187890123 0.8640129143012122 600
1781187891137 0.9360271447334481 650
1781187892110 1.0586267430314413 700
1781187893001 1.1779514094493977 750
1781187893849 1.1886152675021004 800
1781187894676 1.2163555606757404 850
1781187895516 1.2579791672624536 900
1781187896389 1.24876322476302 950
1781187897253 1.2242320507202087 1000
1781187898102 1.204698724387854 1050
1781187898920 1.2294449286415066 1100
1781187899719 1.2585149762210366 1150
1781187900549 1.258365282517047 1200
1781187901361 1.2480072459186948 1250
1781187902212 1.2288340555873243 1300
1781187903079 1.2188001956744912 1350
1781187903928 1.230008800654628 1400
1781187904732 1.2407376753634862 1450
1781187905577 1.2489741866692352 1500
1781187906433 1.2599619968284934 1550
1781187907269 1.261422917660055 1600
1781187908132 1.2516955566703185 1650
1781187908963 1.2413859412582777 1700
1781187909810 1.2401096333595938 1750
1781187910754 1.2405517370138943 1800
1781187911577 1.2403157503179494 1850
1781187912393 1.2500360192114344 1900
1781187913240 1.2596115982605263 1950
1781187914086 1.2596719028226309 2000
