1781187874974 0.4628572613826316 50
1781187876588 0.8241898089803297 100
1781187878015 0.541393722357375 150
1781187879516 0.5428054373416337 200
1781187880884 0.6542061129264828 250
1781187882289 0.8181484231973096 300
1781187883514 0.7356234199186581 350
1781187884845 0.7728392537675999 400
1781187886347 0.8495665473185066 450
1781187887596 0.8860510885010922 500
1781187888845 0.8069386396137981 550
1781187890127 0.9816770921139718 600
1781187891142 0.9839488276002243 650
1781187892115 1.1887137312396825 700
1781187893006 1.2319401701510577 750
1781187893854 1.180409345744928 800
1781187894681 1.2529167148411746 850
1781187895520 1.2523304026616058 900
1781187896393 1.2568156809485116 950
1781187897258 1.1860700171363623 1000
1781187898108 1.1960214936598532 1050
1781187898925 1.2523167600072553 1100
1781187899725 1.256377186395511 1150
1781187900554 1.2565520432441073 1200
1781187901365 1.2387838763024572 1250
1781187902216 1.2247650615523555 1300
1781187903083 1.2418656250838596 1350
1781187903932 1.251875834162723 1400
1781187904737 1.2380986545038357 1450
1781187905581 1.2570554940842682 1500
1781187906437 1.2644340312908335 1550
1781187907275 1.2585442769848447 1600
1781187908138 1.256070119690935 1650
1781187908968 1.2503871779764015 1700
1781187909814 1.244699699257064 1750
1781187910759 1.2242636939244451 1800
1781187911581 1.2519262787996037 1850
1781187912398 1.2583602400739522 1900
1781187913244 1.2610754618319548 1950
1781187914092 1.2608224857291854 2000
