1781187876598 0.6897916796780281 100
1781187878027 0.7120371210366128 150
1781187882298 0.792233995294536 300
1781187886359 0.81520960925431 450
1781187887608 0.8462090101952058 500
1781187890136 0.8640129143012122 600
1781187891151 0.9360271447334481 650
1781187892126 1.0586267430314413 700
1781187893016 1.1779514094493977 750
1781187893864 1.1886152675021004 800
1781187894693 1.2163555606757404 850
1781187895530 1.2579791672624536 900
1781187899736 1.2585149762210366 1150
1781187906448 1.2599619968284934 1550
1781187907284 1.261422917660055 1600
