1781187874978 0.19999999999999998 50
1781187876592 1.3126191713806035 100
1781187878019 0.21613407829775846 150
1781187879519 0.2555250410003339 200
1781187880889 0.2713204077421074 250
1781187882293 1.2897756361321895 300
1781187883518 1.2306312024380703 350
1781187884849 1.2105278637904808 400
1781187886351 1.3054591673824854 450
1781187887600 0.30440957612015135 500
1781187888850 1.3108867211320994 550
1781187890131 1.2523669488377533 600
1781187891145 1.256721078854945 650
1781187892118 1.2675557157738475 700
1781187893010 1.2675557157738475 750
1781187893858 1.256721078854945 800
1781187894685 1.2675557157738475 850
1781187895525 1.2479734018285527 900
1781187896397 1.2675557157738475 950
1781187897263 0.4633677124720321 1000
1781187898112 1.2675557157738475 1050
1781187898929 1.256721078854945 1100
1781187899729 1.256721078854945 1150
1781187900559 1.256721078854945 1200
1781187901369 1.2675557157738475 1250
1781187902220 1.2675557157738475 1300
1781187903086 1.2675557157738475 1350
1781187903936 1.2675557157738475 1400
1781187904741 1.2675557157738475 1450
1781187905585 1.256721078854945 1500
1781187906442 1.256721078854945 1550
1781187907279 1.256721078854945 1600
1781187908142 1.3326157173764526 1650
1781187908972 1.2675557157738475 1700
1781187909819 1.2675557157738475 1750
1781187910763 1.2675557157738475 1800
1781187911585 1.2675557157738475 1850
1781187912402 1.256721078854945 1900
1781187913247 1.2609993252420044 1950
1781187914096 1.2675557157738475 2000
