1781187874971 0.32 50
1781187876586 0.44 100
1781187878013 0.46 150
1781187879514 0.36 200
1781187880882 0.43 250
1781187882286 0.53 300
1781187883511 0.5 350
1781187884843 0.47 400
1781187886345 0.54 450
1781187887594 0.57 500
1781187888843 0.55 550
1781187890126 0.59 600
1781187891140 0.67 650
1781187892113 0.79 700
1781187893003 0.91 750
1781187893851 0.93 800
1781187894679 0.96 850
1781187895518 1.0 900
1781187896391 0.99 950
1781187897256 0.96 1000
1781187898105 0.94 1050
1781187898923 0.97 1100
1781187899722 1.0 1150
1781187900552 1.0 1200
1781187901363 0.99 1250
1781187902214 0.97 1300
1781187903081 0.96 1350
1781187903930 0.97 1400
1781187904734 0.98 1450
1781187905579 0.99 1500
1781187906435 1.0 1550
1781187907272 1.0 1600
1781187908135 0.99 1650
1781187908966 0.98 1700
1781187909812 0.98 1750
1781187910757 0.98 1800
1781187911579 0.98 1850
1781187912395 0.99 1900
1781187913242 1.0 1950
1781187914090 1.0 2000
